1684829391137 1.1678280385676674 0
1684829391162 0.9948061137445503 1
1684829391183 0.8665247810053648 2
1684829391213 0.7703516500446144 3
1684829391240 0.6971676023857121 4
1684829391263 0.6388950696034024 5
1684829391281 0.5903589257823284 6
1684829391300 0.5509815370258808 7
1684829391321 0.5167003562409551 8
1684829391342 0.48810750868619646 9
1684829391367 0.46262286775538797 10
1684829391392 0.43997716244854806 11
1684829391413 0.4200362511559473 12
1684829391433 0.4023918552557177 13
1684829391455 0.38610533884130627 14
1684829391476 0.37165777983890114 15
1684829391495 0.35844040223822937 16
1684829391514 0.346547399874108 17
1684829391533 0.3354336396772997 18
1684829391552 0.3252324127902387 19
1684829391573 0.31599098797893754 20
1684829391597 0.3075452375744274 21
1684829391620 0.2994288475088416 22
1684829391640 0.29195403665715675 23
1684829391658 0.28497336202075785 24
1684829391678 0.2785780497920061 25
1684829391697 0.27264048387070317 26
1684829391716 0.26686810219020035 27
1684829391736 0.26160288910756496 28
1684829391755 0.256505480772248 29
1684829391777 0.25190709950093493 30
1684829391799 0.24750658319787047 31
1684829391821 0.2435209498369427 32
1684829391842 0.23947760141034477 33
1684829391860 0.23571297635312513 34
1684829391881 0.2320637932741636 35
1684829391900 0.22877934640654887 36
1684829391920 0.2256134802372604 37
1684829391939 0.22274412188503884 38
1684829391958 0.21989819093666144 39
1684829391977 0.2171973906901121 40
1684829392000 0.2145025456152719 41
1684829392024 0.21207660890121727 42
1684829392045 0.20981517242323064 43
1684829392064 0.20757836111570815 44
1684829392083 0.2053303147500604 45
1684829392104 0.20334211306420824 46
1684829392123 0.20137543044234638 47
1684829392142 0.1995915302402472 48
1684829392161 0.19780606892775937 49
1684829392180 0.19609568765912247 50
1684829392200 0.19438288281575672 51
1684829392219 0.1928412603162713 52
1684829392238 0.19132073522079568 53
1684829392258 0.18987225761716556 54
1684829392277 0.1883897875246646 55
1684829392297 0.1869790276886804 56
1684829392317 0.1858047583521949 57
1684829392337 0.18453406988190274 58
1684829392355 0.18341193552444038 59
1684829392375 0.18220829327309576 60
1684829392395 0.1811760482626946 61
1684829392419 0.18009027764403435 62
1684829392440 0.17910010771571783 63
1684829392458 0.1781296982943653 64
1684829392478 0.17716119419761975 65
1684829392497 0.17629242937663805 66
1684829392517 0.17541871181250032 67
1684829392536 0.17452067835622745 68
1684829392555 0.17367966405452578 69
1684829392574 0.1729098718945875 70
1684829392594 0.17217914218317618 71
1684829392614 0.1714001096203065 72
1684829392633 0.17077605214524227 73
1684829392653 0.17012740805195156 74
1684829392672 0.16955515991352732 75
1684829392691 0.16887094855674675 76
1684829392711 0.16816926945109814 77
1684829392732 0.16747529973780742 78
1684829392755 0.1669824043207253 79
1684829392778 0.1664282644258464 80
1684829392803 0.16587268736101946 81
1684829392829 0.16533988442882988 82
1684829392854 0.16476708773905202 83
1684829392878 0.16427560339751532 84
1684829392904 0.1637669591830894 85
1684829392930 0.16325204210504646 86
1684829392952 0.16287305460491602 87
1684829392976 0.16249550107411734 88
1684829393002 0.16201958821730925 89
1684829393027 0.16159845777395251 90
1684829393048 0.16121846781967059 91
1684829393073 0.1608563987041739 92
1684829393096 0.16051230115089232 93
1684829393117 0.1601257459059775 94
1684829393139 0.15985702808625435 95
1684829393162 0.15960205608350758 96
1684829393182 0.15934155828666519 97
1684829393203 0.158993181837656 98
1684829393222 0.15864676336509936 99
