1684899204184 0.6531461212125068 0
1684899204197 0.4774290847345669 1
1684899204210 0.3802966802968142 2
1684899204230 0.32173169095822673 3
1684899204244 0.28500144232542524 4
1684899204255 0.25834060372414064 5
1684899204269 0.23525399182982615 6
1684899204296 0.22039933413825125 7
1684899204312 0.2061144660502414 8
1684899204328 0.20104628450321188 9
1684899204341 0.1906421331319547 10
1684899204352 0.1819139314266291 11
1684899204364 0.17674961763075617 12
1684899204377 0.17314753102328284 13
1684899204387 0.16757255716105077 14
1684899204398 0.16625530924012802 15
1684899204409 0.16177891511217699 16
1684899204421 0.16039386995225938 17
1684899204432 0.15683153828284377 18
1684899204443 0.15464867081711683 19
1684899204456 0.1537703751619638 20
1684899204469 0.15402956163883846 21
1684899204482 0.1498376958290016 22
1684899204495 0.14988472181178808 23
1684899204506 0.14831281655558823 24
1684899204517 0.1480010807773544 25
1684899204529 0.1478961789166882 26
1684899204540 0.14569539556863773 27
1684899204551 0.14583036208192085 28
1684899204563 0.14410244193447108 29
1684899204577 0.144772189558158 30
1684899204592 0.14426304837922418 31
1684899204605 0.14596217653177906 32
1684899204617 0.14344443871319282 33
1684899204628 0.14273426124020694 34
1684899204642 0.14162795776176088 35
1684899204654 0.14246000053711033 36
1684899204666 0.1424680959337548 37
1684899204679 0.14338186912794076 38
1684899204690 0.1428607853207586 39
1684899204704 0.14223745245280528 40
1684899204718 0.1404255092170166 41
1684899204730 0.14153454879987876 42
1684899204743 0.142774613842781 43
1684899204754 0.1418997027843873 44
1684899204765 0.14016583904777816 45
1684899204776 0.14141135767132665 46
1684899204787 0.14101424066955934 47
1684899204799 0.14226193751882574 48
1684899204812 0.14157775490976157 49
1684899204826 0.14146889267179952 50
1684899204839 0.13966330894436588 51
1684899204853 0.14068075487178439 52
1684899204868 0.14016892523450167 53
1684899204882 0.13976902457864646 54
1684899204894 0.1385630640914617 55
1684899204906 0.13860739939650363 56
1684899204916 0.14057478891665412 57
1684899204927 0.13900923316585995 58
1684899204938 0.14053166724913196 59
1684899204951 0.13859984801032516 60
1684899204965 0.14029896263416533 61
1684899204978 0.1391355628398411 62
1684899204989 0.13920956472462226 63
1684899205000 0.13974631013838712 64
1684899205011 0.1383585290931375 65
1684899205027 0.13958274942673563 66
1684899205038 0.1386866706993016 67
1684899205049 0.137538623231388 68
1684899205060 0.13774468839735693 69
1684899205074 0.13863091423374355 70
1684899205086 0.1392276844186016 71
1684899205098 0.1376863459815607 72
1684899205109 0.13962317898809085 73
1684899205120 0.13887146646099938 74
1684899205131 0.13993253109710066 75
1684899205143 0.1383702602548973 76
1684899205155 0.1376856925725708 77
1684899205167 0.1361321318194618 78
1684899205179 0.13916617563262293 79
1684899205193 0.1383000837417593 80
1684899205209 0.13761576181651963 81
1684899205224 0.13785854341998166 82
1684899205236 0.13640176056792172 83
1684899205246 0.13682898510239788 84
1684899205258 0.13598211140051042 85
1684899205269 0.1351608344257317 86
1684899205280 0.13762637500865624 87
1684899205292 0.13835699637500548 88
1684899205303 0.1362040321449472 89
1684899205316 0.13665693991788744 90
1684899205330 0.13728735245255605 91
1684899205341 0.13784655571959445 92
1684899205352 0.13780360715167622 93
1684899205363 0.13682530335098916 94
1684899205375 0.138486909849592 95
1684899205386 0.13903770208195523 96
1684899205398 0.1393427538293345 97
1684899205408 0.13746083101927362 98
1684899205420 0.1368906271669332 99
